Average RMSE per method across seeds:
original    : 0.855437 (n=3)
random_fs   : 0.883083 (n=3)
variance_fs : 0.843418 (n=3)
tree_fs     : 0.831609 (n=3)
pca_dr      : 0.830054 (n=3)
random_dr   : 0.904725 (n=3)
agglo_dr    : 0.835079 (n=3)
